$ 4 0.000005 25.510281670702206 50 5 50 5e-11
r 144 272 208 272 0 3000
l 208 144 208 272 0 0.001 -0.05369391589846402 0
w 208 144 272 144 0
c 272 144 272 272 0 0.0000028144799999999998 -1.4196357048844828 0.001
w 208 272 272 272 0
c 400 144 400 272 0 3e-7 1.582218423505644 0.001
w 400 144 464 144 0
r 464 144 464 272 0 47000
w 400 272 464 272 0
w 144 144 208 144 0
A 144 144 144 112 0 1 40 5 0 0 0.5
g 144 272 144 320 0 0
p 144 144 144 272 0 0 0
d 336 144 400 144 2 default
w 272 144 336 144 0
w 272 272 336 272 0
w 336 272 400 272 0
p 336 144 336 272 0 0 0
x 260 127 285 130 4 20 C1
x 387 127 412 130 4 20 C2
o 12 8 0 4102 20 0.00009765625 0 1 antenna
o 17 4 0 4110 10 0.00009765625 1 1 carrier
o 7 256 0 4110 10 0.00009765625 2 1 out
h 1 1 3
