$ 1 0.000005 10.20027730826997 50 1 50 5e-11
172 336 -64 336 -112 0 7 6 6 6 0 0.5 Voltage
w 336 432 336 464 1
g 336 464 336 480 0 0
34 fwdrop\q0.6 1 1.7143528192810002e-7 0 1.4890096514044453 0 1
d 336 48 336 176 2 fwdrop\q0.6
d 336 176 336 304 2 fwdrop\q0.6
r 336 -64 336 0 0 1e-18
r 480 0 480 64 0 1
g 480 96 480 112 0 0
w 480 64 480 96 0
w 336 0 480 0 0
w 336 0 336 48 0
368 336 176 400 176 0 0
368 336 304 400 304 0 0
368 336 48 400 48 0 0
368 480 0 544 0 0 0
368 336 432 400 432 0 0
d 336 304 336 432 2 fwdrop\q0.6
