$ 1 0.000005 10.20027730826997 62 5 50 5e-11
v 48 288 48 96 0 0 40 5 0 0 0.5
r 160 96 304 96 0 1000
162 400 144 400 320 2 default-led 1 0 0 0.01
162 480 320 480 144 2 default-led 1 0 0 0.01
w 48 96 160 96 0
w 304 96 400 96 0
w 400 96 480 96 0
w 480 320 400 320 0
w 400 144 400 96 0
w 480 96 480 144 0
w 48 288 48 320 0
w 48 320 400 320 0
w 544 320 896 320 0
w 976 96 976 144 0
w 896 144 896 96 0
w 976 320 896 320 0
w 896 96 976 96 0
w 800 96 896 96 0
w 544 96 656 96 0
162 976 320 976 144 2 default-led 1 0 0 0.01
162 896 144 896 320 2 default-led 1 0 0 0.01
r 656 96 800 96 0 1000
v 544 96 544 320 0 0 40 5 0 0 0.5
w 32 640 384 640 0
w 32 608 32 640 0
w 464 416 464 464 0
w 384 464 384 416 0
w 464 640 384 640 0
w 384 416 464 416 0
w 288 416 384 416 0
w 32 416 144 416 0
162 464 640 464 464 2 default-led 1 0 0 0.01
162 384 464 384 640 2 default-led 1 0 0 0.01
r 144 416 288 416 0 1000
v 32 416 32 608 0 1 40 5 0 0 0.5
