$ 1 0.000005 21.593987231061412 56 5 50 5e-11
R 240 128 192 128 0 1 40 2 8.8 0 0.5
w 240 128 320 128 0
r 320 128 320 208 0 10000
t 320 208 400 208 0 1 -4.063015564068417 0.6542386880559246 100 default
r 400 128 400 192 0 100
w 320 128 400 128 0
z 320 320 320 208 3 default-zener
w 400 224 400 256 0
w 400 256 448 256 0
r 448 256 448 320 0 500
g 448 320 448 336 0 0
g 320 320 320 336 0 0
o 0 64 0 4098 12 0.00625 0 2 0 3 in
o 9 64 0 4099 5 0.0125 1 2 9 3 out
o 6 64 0 4099 10 0.00078125 2 2 6 3 zener
