$ 1 0.000005 10.20027730826997 50 5 50 5e-11
r 448 176 448 320 0 1000
34 zener-1 1 1.7143528192810002e-7 0 2.0000000000000084 1 1
z 448 480 448 368 2 zener-1
w 448 320 448 368 0
162 448 480 448 592 2 default-led 1 0 0 0.01
162 608 480 608 592 2 default-led 1 0 0 0.01
w 608 320 608 368 0
34 zener-2 1 1.7143528192810002e-7 0 2.0000000000000084 2 1
z 608 480 608 368 2 zener-2
r 608 176 608 320 0 1000
162 800 496 800 608 2 default-led 1 0 0 0.01
w 800 336 800 384 0
34 zener-3 1 1.7143528192810002e-7 0 2.0000000000000084 3 1
z 800 496 800 384 2 zener-3
r 800 192 800 336 0 1000
162 944 496 944 608 2 default-led 1 0 0 0.01
w 944 336 944 384 0
34 zener-4 0 1.7143528192810002e-7 0 2 4 0
z 944 496 944 384 2 zener-4
r 944 192 944 336 0 1000
g 656 704 656 896 0 0
172 704 144 704 32 0 7 20 20 0 0 0.5 Voltage
w 704 144 448 144 0
w 448 144 448 176 0
w 704 144 800 144 0
w 800 144 800 192 0
w 800 144 944 144 0
w 944 144 944 192 0
w 608 176 704 176 0
w 704 176 704 144 0
w 448 592 448 688 0
w 448 688 656 688 0
w 656 688 656 704 0
w 608 592 656 592 0
w 656 592 656 688 0
w 800 608 800 688 0
w 800 688 656 688 0
w 944 608 944 688 0
w 944 688 800 688 0
